      757450
      892772
     1026957
     1027438
     1161345
     1431122
     1432214
     1432789
     1433962
     1571511
     1718189
     1722276
     1725016
     1725415
     1849702
     1865042
     1871056
     1872821
     1995519
     1996180
     1996399
     1996679
     2014991
     2021440
     2141783
     2142522
     2157247
     2161536
     2162635
     2164169
     2165002
     2166206
     2302548
     2304320
     2305866
     2306756
     2307199
     2307415
     2309585
     2309719
     2438070
     2438264
     2438502
     2438513
     2439243
     2440757
     2441151
     2441495
     2441728
     2442448
     2443393
     2444412
     2445129
     2445154
     2445975
     2446113
     2449074
     2449431
     2452450
     2556650
     2557816
     2558363
     2571238
     2573056
     2574201
     2574338
     2576197
     2579043
     2581191
     2584163
     2692377
     2693736
     2695110
     2697169
     2708885
     2713049
     2715135
     2716853
     2718778
     2720309
     2720514
     2721030
     2832589
     2837111
     2849805
     2851100
     2853093
     2853446
     2853780
     2853828
     2854181
     2854698
     2854914
     2860114
     2860793
     2860866
     2975770
     2985587
     2985767
     2987027
     2989404
     2989706
     2990873
     3001885
     3002478
     3003992
     3097346
     3097926
     3098184
     3098810
     3102384
     3109930
     3113266
     3114167
     3114661
     3114811
     3115833
     3116302
     3116412
     3118797
     3119256
     3120276
     3120355
     3120431
     3122913
     3122985
     3124412
     3128552
     3128793
     3130300
     3130548
     3217264
     3218908
     3219995
     3228824
     3228945
     3228959
     3229150
     3230491
     3230578
     3230753
     3231137
     3231341
     3232859
     3233043
     3234598
     3235672
     3239636
     3239671
     3239945
     3240158
     3240706
     3241557
     3241604
     3245969
     3246984
     3247268
     3247396
     3248019
     3248033
     3248501
     3323887
     3326377
     3327993
     3328026
     3328052
     3329204
     3336283
     3336765
     3337351
     3337425
     3337432
     3338885
     3340070
     3340312
     3342463
     3342592
     3342794
     3342970
     3344419
     3345675
     3346154
     3348082
     3348285
     3351888
     3353050
     3354846
     3425851
     3426367
     3437776
     3438507
     3438975
     3440861
     3440978
     3441784
     3442055
     3443790
     3444588
     3446451
     3446746
     3447722
     3448130
     3453214
     3458028
     3531558
     3533469
     3534076
     3541800
     3541946
     3542588
     3544595
     3544689
     3545135
     3545478
     3546060
     3547091
     3548044
     3554031
     3554600
     3556220
     3557341
     3557493
     3558981
     3559935
     3560301
     3629967
     3632418
     3640905
     3641726
     3642289
     3642335
     3642741
     3644071
     3644653
     3648437
     3654095
     3654950
     3655332
     3656121
     3657176
     3657758
     3660924
     3661886
     3662838
     3663173
     3728701
     3730335
     3732821
     3733628
     3734418
     3734868
     3742855
     3745690
     3747262
     3749134
     3749365
     3749978
     3756801
     3762468
     3764879
     3765771
     3831053
     3832474
     3832716
     3833007
     3834322
     3834360
     3835670
     3836375
     3836453
     3838486
     3839488
     3847138
     3847708
     3847907
     3848275
     3848972
     3849155
     3851130
     3852655
     3853673
     3858704
     3858804
     3858824
     3858949
     3859079
     3859363
     3859628
     3860441
     3861595
     3861611
     3862246
     3865567
     3867615
     3869014
     3869825
     3935914
     3937519
     3939150
     3940418
     3942446
     3942670
     3946023
     3952651
     3957082
     3962243
     3962357
     3962440
     3962751
     3964109
     3964562
     3966262
     3966801
     3966912
     3967326
     3967760
     3969687
     3970233
     4035640
     4035667
     4037164
     4042026
     4043190
     4043443
     4044005
     4047631
     4049108
     4049131
     4049901
     4055304
     4055765
     4055774
     4056616
     4060815
     4061149
     4067336
     4070376
     4072333
     4072526
     4074736
     4075015
     4076098
     4077526
     4077901
     4078157
     4079535
     4135665
     4136466
     4138951
     4139816
     4140813
     4141376
     4142847
     4143755
     4144231
     4144576
     4149450
     4150390
     4150539
     4150624
     4155328
     4157325
     4159347
     4164994
     4165473
     4165960
     4172013
     4172746
     4173026
     4175630
     4178389
     4178606
     4180280
     4180401
     4242147
     4243911
     4245933
     4247092
     4247791
     4247991
     4248120
     4249611
     4249725
     4252322
     4254466
     4262581
     4263293
     4270253
     4270565
     4274548
     4275117
     4275191
     4275721
     4275739
     4276716
     4278221
     4282872
     4285107
     4346178
     4349442
     4349452
     4365442
     4365645
     4367854
     4370527
     4372768
     4374339
     4376644
     4381282
     4384675
     4385148
     4386059
     4391348
     4449034
     4454752
     4454934
     4455231
     4458082
     4459924
     4466677
     4471747
     4473226
     4474645
     4476123
     4476423
     4478168
     4479633
     4480676
     4483138
     4484336
     4544670
     4544907
     4545187
     4547603
     4551328
     4551663
     4552729
     4563268
     4568298
     4570931
     4570949
     4571536
     4633570
     4636578
     4639868
     4644604
     4644952
     4649305
     4650674
     4650733
     4656049
     4659405
     4664046
     4664847
     4665571
     4670217
     4677282
     4725681
     4736569
     4741126
     4742414
     4743513
     4752451
     4757437
     4760746
     4761060
     4768846
     4770174
     4770365
     4770617
     4813563
     4815520
     4826110
     4827723
     4828341
     4829935
     4830605
     4831728
     4832175
     4832197
     4832837
     4833135
     4833421
     4840513
     4841374
     4844004
     4846856
     4847534
     4848424
     4851464
     4851530
     4852528
     4857213
     4858610
     4860678
     4860932
     4861527
     4861736
     4861791
     4913000
     4913852
     4914423
     4914566
     4915638
     4917596
     4918309
     4927315
     4928119
     4932348
     4932442
     4935172
     4936180
     4939346
     4939533
     4940438
     4945877
     4949751
     4950232
     4951249
     4951877
     4952341
     4989057
     4991208
     5003117
     5005121
     5007345
     5008501
     5009189
     5009743
     5014753
     5014903
     5015913
     5020319
     5021176
     5021899
     5022828
     5023956
     5024450
     5024482
     5031857
     5035972
     5036705
     5039129
     5039228
     5041569
     5042210
     5077629
     5078939
     5080636
     5084942
     5088536
     5088591
     5090690
     5091016
     5094751
     5095635
     5097470
     5097868
     5098444
     5103942
     5106313
     5108214
     5108946
     5110423
     5110683
     5113822
     5115978
     5120087
     5121511
     5122112
     5124667
     5125347
     5128673
     5130369
     5131180
     5164255
     5174858
     5175024
     5175986
     5177104
     5181817
     5183357
     5184584
     5184709
     5184911
     5185897
     5193400
     5195172
     5196864
     5202905
     5209845
     5210475
     5211199
     5212220
     5213902
     5217586
     5218441
     5219234
     5252423
     5269467
     5270698
     5271608
     5272233
     5272878
     5282049
     5282051
     5283458
     5283542
     5287983
     5288570
     5289854
     5297298
     5299459
     5301750
     5302006
     5302643
     5303551
     5306720
     5307568
     5307858
     5308387
     5308663
     5308666
     5309353
     5339567
     5340644
     5342061
     5342473
     5350244
     5351250
     5356593
     5357470
     5357545
     5357901
     5358241
     5358624
     5360920
     5364071
     5369827
     5370302
     5371776
     5372966
     5374403
     5374854
     5375194
     5376067
     5376836
     5383248
     5384079
     5384802
     5385304
     5385439
     5387843
     5389540
     5392702
     5396122
     5428668
     5436013
     5436338
     5436502
     5438099
     5438757
     5441980
     5443604
     5443775
     5443837
     5444384
     5444548
     5444549
     5446285
     5449777
     5450814
     5450893
     5456651
     5461440
     5467124
     5470739
     5471202
     5471574
     5474613
     5474733
     5475431
     5475641
     5477805
     5478055
     5479802
     5480640
     5481148
     5481416
     5511081
     5513012
     5513648
     5513866
     5513893
     5513897
     5514383
     5520547
     5521300
     5526527
     5526717
     5527172
     5529643
     5529738
     5530882
     5531576
     5531694
     5531953
     5534814
     5534941
     5542466
     5542983
     5544903
     5545815
     5546691
     5546761
     5547480
     5553652
     5557821
     5561278
     5562090
     5562784
     5564247
     5565497
     5596440
     5599774
     5601258
     5602588
     5607631
     5608566
     5609593
     5613330
     5613821
     5617854
     5618071
     5621125
     5621586
     5629538
     5629985
     5631630
     5636648
     5640085
     5642620
     5648449
     5649215
     5649325
     5649833
     5649956
     5651104
     5652237
     5652893
     5652983
     5683743
     5686174
     5688910
     5689351
     5695396
     5695524
     5695904
     5702939
     5705819
     5706595
     5706966
     5709725
     5709889
     5716763
     5716932
     5717567
     5725087
     5728139
     5728283
     5730389
     5730445
     5731623
     5735762
     5738346
     5738496
     5770074
     5771719
     5774349
     5775129
     5779852
     5780460
     5780715
     5780885
     5786676
     5787131
     5790807
     5791986
     5792202
     5794240
     5794379
     5794570
     5796186
     5796675
     5801571
     5802246
     5802478
     5802486
     5807769
     5809890
     5809954
     5812701
     5812960
     5816165
     5816811
     5817553
     5817986
     5820218
     5856571
     5857540
     5864975
     5866099
     5866724
     5871985
     5872150
     5876368
     5880320
     5881688
     5881813
     5893123
     5894073
     5897826
     5899544
     5903312
     5905822
     5906426
     5940165
     5941160
     5942093
     5942808
     5942949
     5953297
     5956342
     5956656
     5956787
     5959719
     5959753
     5963222
     5963582
     5964985
     5966154
     5966322
     5966660
     5972334
     5978361
     5978559
     5980208
     5980783
     5982353
     5982368
     5988031
     5991936
     5992270
     6020753
     6021193
     6021275
     6022556
     6026438
     6026737
     6028860
     6029239
     6032497
     6032517
     6032981
     6034945
     6035124
     6037187
     6037581
     6041734
     6042214
     6044553
     6046540
     6047072
     6047498
     6048024
     6049190
     6056992
     6058614
     6060203
     6061119
     6061773
     6062088
     6062929
     6063220
     6066403
     6066416
     6071903
     6103377
     6105462
     6119141
     6124512
     6124941
     6125481
     6129524
     6131236
     6142862
     6147122
     6149553
     6149910
     6152974
     6153201
     6153672
     6183511
     6185331
     6185476
     6185496
     6185711
     6186964
     6191521
     6196457
     6197215
     6198182
     6198999
     6199056
     6199702
     6200235
     6200715
     6205228
     6205468
     6205897
     6206214
     6209637
     6209677
     6209798
     6211812
     6226290
     6233573
     6233890
     6265792
     6266741
     6267425
     6267535
     6268648
     6269070
     6272413
     6276477
     6279974
     6287313
     6289257
     6289650
     6291033
     6291653
     6291837
     6292162
     6294819
     6300348
     6301035
     6305192
     6307063
     6307083
     6307521
     6307537
     6309763
     6310636
     6311681
     6312314
     6312534
     6342333
     6343170
     6345732
     6346809
     6347299
     6350476
     6351097
     6356207
     6356692
     6359320
     6359798
     6362874
     6364162
     6364215
     6364276
     6364327
     6365156
     6365321
     6370120
     6373680
     6381846
     6382217
     6383785
     6383821
     6387450
     6387542
     6387969
     6390824
     6392727
     6422070
     6422155
     6422367
     6425957
     6428700
     6429812
     6432059
     6432345
     6435936
     6436029
     6438099
     6441738
     6442340
     6442377
     6448890
     6451936
     6462863
     6462874
     6467363
     6468138
     6468337
     6470149
     6470917
     6471021
     6500206
     6501635
     6504954
     6507427
     6508221
     6516185
     6521045
     6522242
     6525185
     6525193
     6525249
     6525946
     6526710
     6528464
     6531491
     6541920
     6543893
     6545051
     6545358
     6546528
     6579806
     6586746
     6587002
     6587105
     6587280
     6599919
     6603043
     6603756
     6604328
     6605493
     6606438
     6606653
     6607286
     6607357
     6607447
     6611330
     6612284
     6613006
     6614629
     6616218
     6620003
     6621116
     6627507
     6629332
     6630943
     6631721
     6634133
     6636320
     6665223
     6665512
     6665695
     6666233
     6670075
     6675056
     6677256
     6677841
     6678383
     6679295
     6680177
     6681233
     6685526
     6685609
     6690082
     6690836
     6692833
     6693640
     6696462
     6696580
     6697605
     6697756
     6699368
     6705137
     6705142
     6707833
     6707835
     6707908
     6716021
     6716545
     6719086
     6721123
     6751874
     6752502
     6756669
     6758917
     6762829
     6765135
     6766634
     6767840
     6768394
     6773862
     6774537
     6774826
     6774880
     6776401
     6778019
     6779260
     6780158
     6781548
     6784235
     6786037
     6786348
     6803202
     6803855
     6805146
     6837146
     6837283
     6838050
     6842682
     6842807
     6846911
     6847018
     6849046
     6849310
     6850504
     6851425
     6862328
     6862603
     6862721
     6863839
     6863998
     6864885
     6864893
     6866228
     6866251
     6867155
     6867555
     6867588
     6867766
     6869184
     6871071
     6878167
     6878240
     6879865
     6880531
     6889235
     6891366
     6891543
     6891637
     6921944
     6922203
     6922244
     6922710
     6924203
     6932987
     6933567
     6934291
     6934986
     6936909
     6937402
     6937692
     6941084
     6946199
     6948054
     6948480
     6949061
     6949607
     6956014
     6956233
     6960445
     6960456
     6960913
     6962109
     6962977
     6964043
     6964929
     6974658
     6975129
     6975615
     7008149
     7008211
     7019489
     7019524
     7021534
     7021681
     7023960
     7024222
     7024511
     7025526
     7025846
     7031517
     7032421
     7033233
     7033671
     7037540
     7040629
     7045496
     7046804
     7047207
     7047363
     7047824
     7047922
     7050060
     7050989
     7051180
     7051984
     7090524
     7094486
     7097965
     7098355
     7101828
     7102227
     7102316
     7107802
     7109675
     7109851
     7115785
     7118364
     7119481
     7120108
     7124026
     7124613
     7132798
     7134976
     7135852
     7136729
     7137725
     7174351
     7175184
     7183745
     7199397
     7199774
     7199906
     7202957
     7204981
     7207061
     7211141
     7211221
     7211469
     7212184
     7215603
     7215678
     7219761
     7219825
     7220322
     7220429
     7222086
     7255336
     7257363
     7259298
     7265298
     7269493
     7269881
     7269974
     7270230
     7273277
     7277317
     7284688
     7286173
     7286911
     7287415
     7287683
     7287995
     7289157
     7289162
     7289317
     7289577
     7294743
     7295235
     7296086
     7296438
     7303253
     7303287
     7304449
     7347246
     7351237
     7357531
     7363829
     7364176
     7366258
     7368664
     7369865
     7373451
     7375348
     7375795
     7376983
     7377033
     7379385
     7380537
     7380829
     7382313
     7385509
     7386827
     7419318
     7428316
     7428736
     7430034
     7433585
     7434875
     7436215
     7439316
     7440748
     7445445
     7446631
     7447200
     7449136
     7449541
     7449554
     7449844
     7455287
     7456001
     7457296
     7458762
     7461307
     7463685
     7466270
     7466863
     7499398
     7501646
     7504328
     7504778
     7509886
     7512982
     7515212
     7515670
     7515762
     7522911
     7529266
     7531677
     7532973
     7542369
     7542813
     7543649
     7549209
     7552344
     7584650
     7585481
     7593110
     7595157
     7598128
     7601633
     7602070
     7603200
     7604328
     7605093
     7609553
     7619236
     7620413
     7622486
     7626370
     7626506
     7629518
     7630229
     7659389
     7661065
     7661409
     7663405
     7663691
     7668663
     7670943
     7672097
     7672940
     7673192
     7673841
     7678434
     7684873
     7685981
     7690844
     7691260
     7697568
     7700622
     7700871
     7703955
     7708215
     7730747
     7746958
     7747425
     7749773
     7750419
     7751571
     7755636
     7761545
     7761918
     7762723
     7764367
     7765528
     7767162
     7767559
     7768451
     7768952
     7769819
     7770450
     7778437
     7778767
     7779077
     7802136
     7802719
     7808587
     7810483
     7811397
     7812167
     7812179
     7812455
     7815744
     7815931
     7825899
     7826659
     7830637
     7831264
     7832356
     7837302
     7838655
     7840044
     7841925
     7842610
     7849854
     7869917
     7870032
     7870390
     7871954
     7877496
     7877978
     7879433
     7887791
     7898352
     7899070
     7901948
     7903086
     7906671
     7906739
     7906882
     7907423
     7918172
     7918217
     7918652
     7918992
     7938496
     7939330
     7941200
     7948784
     7950644
     7951018
     7955580
     7960980
     7967861
     7972785
     7975727
     7976520
     7977197
     7984047
     7984574
     7987866
     7989422
     8004903
     8007644
     8008067
     8008206
     8009350
     8009496
     8013419
     8013439
     8015907
     8017703
     8018547
     8022244
     8022489
     8025596
     8026752
     8030148
     8037145
     8039892
     8041216
     8042453
     8043638
     8043714
     8046659
     8053552
     8056665
     8073806
     8074328
     8074805
     8076630
     8077137
     8081187
     8081482
     8081899
     8081905
     8082001
     8095441
     8098728
     8099138
     8106610
     8107034
     8107115
     8107225
     8107380
     8110767
     8111381
     8111919
     8113154
     8120608
     8121310
     8125580
     8126558
     8127586
     8127607
     8127639
     8129042
     8142942
     8150320
     8156120
     8158127
     8160953
     8161561
     8162789
     8162790
     8164012
     8164257
     8164262
     8165946
     8167959
     8167996
     8168187
     8174625
     8175131
     8176019
     8176564
     8176650
     8176653
     8179325
     8179973
     8180020
     8180063
     8183911
     8189801
     8190354
     8191672
     8193178
     8197343
     8210018
     8212002
     8218274
     8218379
     8219268
     8219673
     8222813
     8223328
     8226050
     8226994
     8227661
     8229458
     8229696
     8230616
     8233702
     8235924
     8240617
     8240797
     8240904
     8241079
     8242434
     8242681
     8243283
     8244190
     8246781
     8247638
     8247770
     8247771
     8248939
     8255887
     8256049
     8256453
     8257205
     8257407
     8258171
     8259713
     8260218
     8260234
     8260902
     8261920
     8262210
     8263545
     8264070
     8265218
     8266276
     8277797
     8278371
     8279765
     8280511
     8282651
     8288947
     8292840
     8299955
     8302450
     8312852
     8313667
     8321314
     8323753
     8326342
     8330548
     8332986
     8344004
     8345172
     8346392
     8349405
     8349582
     8351704
     8352537
     8355239
     8358012
     8359498
     8360640
     8361905
     8367113
     8367644
     8374494
     8374580
     8378634
     8379705
     8380709
     8381204
     8386035
     8394721
     8395660
     8396405
     8397446
     8397675
     8409588
     8410415
     8410727
     8414716
     8414907
     8415200
     8415745
     8418129
     8426567
     8429314
     8429415
     8429566
     8435247
     8444552
     8453211
     8453214
     8454250
     8456679
     8460600
     8462258
     8463346
     8474898
     8478994
     8480285
     8481129
     8488878
     8490993
     8491277
     8492026
     8494142
     8494263
     8494542
     8494617
     8495415
     8501062
     8505215
     8505670
     8505920
     8506766
     8509361
     8509442
     8519253
     8543100
     8544992
     8544996
     8547140
     8547429
     8552202
     8552498
     8552565
     8552583
     8552719
     8554498
     8556077
     8557374
     8558011
     8559152
     8559644
     8560285
     8560804
     8560840
     8561063
     8561231
     8564587
     8564674
     8565266
     8570333
     8578780
     8582291
     8583696
     8591173
     8591693
     8605074
     8607720
     8609450
     8611257
     8611781
     8611832
     8612275
     8612847
     8613535
     8616637
     8616873
     8617363
     8620565
     8621348
     8624520
     8625821
     8625925
     8628758
     8628973
     8630788
     8631160
     8631504
     8631751
     8636539
     8639908
     8644288
     8651389
     8652999
     8655354
     8672910
     8676038
     8676148
     8678594
     8678664
     8680979
     8681734
     8681833
     8684730
     8685497
     8686097
     8686150
     8687088
     8689031
     8689373
     8689793
     8692861
     8700558
     8700771
     8703129
     8703884
     8703887
     8709688
     8711794
     8733898
     8737796
     8738735
     8742590
     8746295
     8750043
     8751933
     8753657
     8753896
     8757824
     8757910
     8758136
     8758204
     8760040
     8766222
     8766650
     8773869
     8800954
     8801316
     8801343
     8802165
     8802693
     8803882
     8804283
     8804397
     8804455
     8804845
     8805348
     8806072
     8806123
     8813698
     8822216
     8822366
     8823426
     8823868
     8826168
     8826878
     8832512
     8836888
     8838950
     8845026
     8845205
     8845574
     8846163
     8847111
     8848271
     8866102
     8866137
     8869680
     8872048
     8873090
     8874090
     8878187
     8883329
     8883593
     8884274
     8885643
     8885673
     8890150
     8890783
     8891278
     8891318
     8892157
     8892303
     8892721
     8892910
     8894646
     8908102
     8914779
     8916492
     8934495
     8935810
     8937021
     8947520
     8948424
     8949247
     8949925
     8950568
     8950853
     8951215
     8953257
     8956206
     8956706
     8958035
     8959839
     8962094
     8963721
     8971432
     8972058
     8973129
     8978528
     9002237
     9002278
     9003401
     9006186
     9006449
     9007866
     9008220
     9008737
     9011825
     9015738
     9016295
     9017682
     9019191
     9020160
     9022166
     9025922
     9026749
     9030447
     9030537
     9032900
     9034103
     9040849
     9042357
     9044228
     9048161
     9053112
     9070666
     9071386
     9071593
     9072190
     9076513
     9076971
     9077124
     9084778
     9086251
     9088780
     9092504
     9097120
     9100484
     9101496
     9108085
     9109857
     9110357
     9111849
     9112931
     9115681
     9115800
     9119458
     9139084
     9140402
     9141746
     9143254
     9146018
     9149789
     9150827
     9153570
     9156585
     9157634
     9157908
     9159242
     9159275
     9162741
     9164836
     9166862
     9166870
     9171801
     9177629
     9202151
     9205907
     9205938
     9209624
     9210387
     9210823
     9214713
     9214942
     9221517
     9225395
     9229657
     9244508
     9244756
     9264949
     9266431
     9269042
     9269281
     9271752
     9277210
     9277896
     9278553
     9278725
     9279354
     9279669
     9283156
     9288786
     9289704
     9300285
     9304101
     9305831
     9307509
     9334289
     9334893
     9336200
     9346253
     9347009
     9347899
     9349482
     9351316
     9351920
     9353314
     9364290
     9364609
     9366886
     9366989
     9369366
     9388479
     9390653
     9391208
     9391506
     9395024
     9395719
     9401997
     9405595
     9406990
     9410930
     9411166
     9411412
     9412760
     9414417
     9415108
     9415172
     9425139
     9426071
     9427402
     9446824
     9450647
     9451127
     9451706
     9455325
     9455556
     9458343
     9458613
     9466429
     9466668
     9467404
     9468551
     9468717
     9471268
     9471974
     9472000
     9472074
     9473078
     9474493
     9475552
     9478990
     9479273
     9480189
     9480310
     9489524
     9512687
     9512981
     9513865
     9517393
     9518318
     9520443
     9520668
     9520838
     9527334
     9527915
     9528420
     9529744
     9530945
     9532052
     9532424
     9532710
     9535080
     9536692
     9541322
     9549648
     9552608
     9570741
     9573539
     9573685
     9574158
     9574179
     9574614
     9578686
     9579499
     9579641
     9580167
     9580992
     9583881
     9589323
     9589524
     9590976
     9591070
     9592579
     9592705
     9595686
     9595827
     9597058
     9597345
     9597411
     9597806
     9602514
     9602613
     9605514
     9607164
     9612825
     9631762
     9631995
     9632895
     9634821
     9635510
     9635606
     9636135
     9636563
     9636569
     9640439
     9640976
     9640985
     9641018
     9641041
     9641481
     9642292
     9643874
     9649706
     9650808
     9651234
     9651668
     9652649
     9653622
     9654468
     9654875
     9655129
     9656252
     9661877
     9661979
     9662811
     9663113
     9664142
     9665922
     9674608
     9692128
     9692345
     9692557
     9693006
     9696358
     9697131
     9702072
     9703198
     9704384
     9705459
     9710326
     9712350
     9714696
     9717943
     9718066
     9718379
     9719634
     9724984
     9726659
     9728465
     9729691
     9735426
     9753154
     9757613
     9758089
     9761199
     9761882
     9763348
     9763754
     9765975
     9766437
     9772531
     9775938
     9777251
     9777256
     9782691
     9784222
     9787239
     9790806
     9813499
     9815053
     9818381
     9818462
     9820483
     9821454
     9823457
     9823487
     9823519
     9823564
     9824805
     9825174
     9825625
     9827149
     9832208
     9834040
     9834719
     9836149
     9836959
     9837661
     9837685
     9838468
     9838949
     9838975
     9839821
     9842890
     9842906
     9842937
     9844088
     9845898
     9846086
     9846348
     9850893
     9850957
     9851226
     9851271
     9851662
     9872283
     9872292
     9873254
     9875711
     9880190
     9880467
     9881077
     9881662
     9883311
     9884104
     9886221
     9886255
     9886361
     9886661
     9887224
     9892816
     9893318
     9895004
     9895006
     9895709
     9896018
     9896558
     9898364
     9898447
     9899181
     9899280
     9899355
     9899483
     9902856
     9904006
     9904059
     9909735
     9911882
     9932970
     9940565
     9941066
     9941662
     9941859
     9943435
     9945370
     9946525
     9950316
     9950612
     9955262
     9955598
     9957627
     9958387
     9958962
     9962455
     9963265
     9963461
     9963524
     9964670
     9964748
     9964801
     9965184
     9965439
     9965957
     9967771
     9967884
     9970525
     9973109
     9973855
     9992325
     9993529
     9995402
     9996632
    10001368
    10002261
    10002866
    10004519
    10004738
    10005020
    10005758
    10005788
    10006581
    10010440
    10015516
    10015937
    10016874
    10018233
    10019065
    10019399
    10019643
    10019708
    10019763
    10022908
    10024051
    10024701
    10026544
    10027247
    10027323
    10028140
    10028352
    10028535
    10028792
    10031656
    10031707
    10031885
    10033279
    10055126
    10059645
    10063802
    10064256
    10068024
    10068030
    10068383
    10068659
    10070468
    10073672
    10074466
    10080248
    10090257
    10092312
    10094670
    10098844
    10118816
    10122255
    10122538
    10123064
    10125352
    10130039
    10132832
    10134152
    10136549
    10141900
    10148521
    10149023
    10153011
    10153827
    10153855
    10154388
    10155434
    10157458
    10157573
    10158418
    10158729
    10158990
    10166274
    10187017
    10187159
    10189546
    10189557
    10190075
    10190777
    10191070
    10202759
    10203349
    10206675
    10212441
    10213902
    10214162
    10216045
    10221013
    10223615
    10223616
    10225800
    10227020
    10227501
    10230571
    10232123
    10232693
    10253547
    10259031
    10264660
    10265602
    10265898
    10266615
    10268907
    10271691
    10271806
    10272442
    10272640
    10275766
    10275805
    10285631
    10287242
    10287248
    10287723
    10289119
    10290666
    10294465
    10294613
    10295951
    10318874
    10319385
    10328393
    10328458
    10329469
    10329835
    10330115
    10332213
    10332883
    10336927
    10336951
    10337258
    10337517
    10340423
    10341831
    10341905
    10341913
    10341917
    10342041
    10342065
    10345478
    10350571
    10351231
    10351767
    10352945
    10353968
    10354039
    10357040
    10358759
    10362031
    10363281
    10383687
    10384798
    10384962
    10386922
    10386984
    10387742
    10388286
    10395381
    10395543
    10397751
    10404582
    10407054
    10407221
    10415227
    10418224
    10418797
    10419211
    10419312
    10426656
    10453588
    10454313
    10454632
    10460629
    10460984
    10464050
    10464078
    10468885
    10468940
    10470206
    10470616
    10471515
    10471621
    10480915
    10480921
    10480982
    10481045
    10482160
    10485069
    10485179
    10485250
    10487119
    10488450
    10489206
    10489345
    10489525
    10491044
    10513530
    10514429
    10514430
    10514770
    10518399
    10518424
    10518725
    10525027
    10526549
    10527135
    10528068
    10531955
    10538176
    10544677
    10545066
    10549023
    10549562
    10552611
    10554999
    10555375
    10577994
    10583066
    10583180
    10583761
    10585852
    10586004
    10586208
    10587105
    10591855
    10593626
    10593759
    10597693
    10599206
    10599397
    10600261
    10600955
    10601284
    10601465
    10602291
    10604335
    10604521
    10614012
    10616415
    10616571
    10616679
    10617017
    10617638
    10619192
    10620329
    10621666
    10656508
    10656823
    10657406
    10657664
    10661771
    10662202
    10663396
    10663411
    10664416
    10666230
    10666242
    10666592
    10670119
    10674871
    10676014
    10676824
    10676923
    10679583
    10682541
    10684670
    10686814
    10686864
    10709622
    10713616
    10717241
    10718726
    10723367
    10723750
    10724369
    10730034
    10730703
    10743597
    10744335
    10747439
    10747445
    10748390
    10748393
    10749128
    10779233
    10785538
    10790387
    10793172
    10794087
    10797460
    10798331
    10799735
    10801100
    10810838
    10811496
    10812504
    10813132
    10813841
    10842192
    10843203
    10843590
    10844890
    10848459
    10854546
    10854555
    10854768
    10857519
    10858691
    10858832
    10861715
    10863608
    10864531
    10864656
    10867062
    10872983
    10873260
    10874215
    10874226
    10874614
    10874926
    10875245
    10876237
    10878263
    10879038
    10879208
    10879656
    10880007
    10880507
    10904004
    10904857
    10905239
    10905746
    10905911
    10909127
    10910878
    10916600
    10917043
    10917681
    10924853
    10925104
    10925113
    10928043
    10933561
    10934674
    10937029
    10960993
    10963065
    10963242
    10964265
    10964440
    10965008
    10965588
    10965740
    10971674
    10973664
    10973814
    10975146
    10978763
    10982872
    10984090
    10987985
    10990886
    10990917
    11013201
    11014932
    11015108
    11015323
    11017901
    11018648
    11026304
    11027624
    11030475
    11030711
    11032227
    11037335
    11037511
    11043136
    11043167
    11044770
    11045383
    11046025
    11046458
    11069176
    11071200
    11073351
    11073656
    11074178
    11074541
    11074835
    11075279
    11075429
    11075737
    11076400
    11080405
    11086270
    11090556
    11090765
    11098013
    11100383
    11100657
    11100670
    11121752
    11122894
    11125613
    11125936
    11126381
    11127479
    11129258
    11129738
    11133306
    11134879
    11135308
    11138155
    11152159
    11153121
    11153539
    11176127
    11177543
    11177707
    11179076
    11180361
    11187436
    11187837
    11188249
    11189127
    11192141
    11192235
    11192998
    11193263
    11193447
    11194032
    11197126
    11197853
    11200415
    11231334
    11236244
    11242721
    11244137
    11246161
    11246364
    11250587
    11253711
    11253827
    11254382
    11255231
    11255761
    11259686
    11283615
    11285136
    11288051
    11288505
    11295426
    11297236
    11298298
    11298815
    11303815
    11304958
    11304987
    11308499
    11336883
    11337141
    11337372
    11337566
    11337833
    11342416
    11342550
    11342573
    11348997
    11356260
    11358389
    11359879
    11360571
    11360805
    11361283
    11361646
    11389771
    11391018
    11391667
    11391755
    11391957
    11392017
    11392618
    11394027
    11395587
    11401182
    11401755
    11401767
    11401822
    11402995
    11403044
    11403339
    11403389
    11403530
    11410904
    11413812
    11414465
    11414511
    11442465
    11442793
    11446443
    11449844
    11450414
    11453592
    11455491
    11456382
    11457726
    11460018
    11460462
    11461433
    11461844
    11462341
    11463211
    11465813
    11465950
    11493431
    11493732
    11494130
    11495458
    11495766
    11497958
    11497977
    11498128
    11499228
    11502218
    11502867
    11507101
    11512246
    11517719
    11520459
    11521048
    11521793
    11546211
    11547505
    11547513
    11548140
    11551692
    11553706
    11554435
    11560897
    11565544
    11565924
    11566064
    11566256
    11568987
    11569782
    11570749
    11599038
    11599264
    11600889
    11601584
    11607193
    11611600
    11614617
    11621223
    11622600
    11622985
    11623629
    11624249
    11656246
    11656302
    11656721
    11656840
    11656918
    11657891
    11662184
    11666881
    11669125
    11669239
    11670125
    11673674
    11673802
    11701407
    11702948
    11705004
    11709124
    11709244
    11709423
    11718144
    11752632
    11752906
    11752908
    11754553
    11758544
    11760231
    11760959
    11761199
    11764462
    11768142
    11769801
    11769890
    11771430
    11773022
    11773328
    11774303
    11774387
    11774991
    11802615
    11804465
    11805075
    11807274
    11811193
    11812062
    11818607
    11818800
    11818872
    11820830
    11821363
    11823054
    11824222
    11824786
    11852982
    11853255
    11853878
    11853905
    11858748
    11869052
    11870545
    11874577
    11875734
    11904151
    11904734
    11905011
    11909686
    11909839
    11913012
    11913073
    11918099
    11922678
    11922722
    11923270
    11923284
    11954842
    11955499
    11960862
    11962284
    11963206
    11966253
    11968463
    11972666
    11974540
    12008872
    12016267
    12017109
    12017140
    12019440
    12020218
    12020329
    12021625
    12023078
    12024120
    12058147
    12058204
    12058931
    12061096
    12061222
    12061238
    12061969
    12062667
    12066335
    12068975
    12070811
    12071037
    12072872
    12105051
    12106929
    12107021
    12108312
    12110786
    12110942
    12115188
    12116380
    12116489
    12120307
    12120484
    12120943
    12121470
    12121570
    12154526
    12156347
    12159249
    12164564
    12164770
    12167361
    12170648
    12206313
    12208631
    12216278
    12251650
    12252424
    12253474
    12254378
    12254688
    12254792
    12254909
    12256520
    12257999
    12266636
    12301181
    12302530
    12306058
    12314973
    12316431
    12356617
    12365184
    12366084
    12366681
    12400538
    12401863
    12403119
    12404086
    12404305
    12404954
    12405333
    12406749
    12416987
    12417486
    12418724
    12453581
    12454461
    12456601
    12459725
    12459913
    12469800
    12470844
    12470954
    12504988
    12505076
    12505654
    12506351
    12506770
    12508335
    12600735
    12602314
    12602568
    12643589
    12644769
    12644774
    12644822
    12691412
    12785320
    12834874
    12885212
    12935144
